11.89
9.26
7.89
11.06
6.63
6.4
29.12
7.4
5.29
5.15
7.19
12.04
46.83
7.53
6.23
5.48
6.56
17.68
23.47
24.42
34.84
6.64
19.43
9.91
7.43
37.53
7.66
7.59
7.58
15.63
7.85
21.54
33.75
5.2
29.3
26.83
44.27
7.58
16.02
7.86
16.0
7.58
9.74
35.22
11.55
8.58
7.99
41.84
5.39
7.37
7.25
12.35
17.2
4.64
6.31
7.32
5.3
10.71
7.34
4.79
7.36
11.32
5.7
6.53
7.48
6.75
5.73
12.76
7.35
7.69
7.65
6.56
5.85
7.42
47.35
4.94
9.74
7.95
7.81
7.62
39.63
10.42
5.84
15.94
72.97
12.31
5.8
17.14
44.54
7.31
13.6
29.2
5.89
31.99
5.06
12.34
31.97
7.96
5.52
10.78
6.36
6.68
7.31
14.67
7.79
4.31
7.45
7.85
5.87
4.4
5.94
15.32
5.8
14.93
7.58
21.94
6.85
8.05
20.23
20.16
7.98
7.55
8.2
39.83
33.75
13.96
7.01
10.72
10.05
5.16
7.49
7.83
4.72
7.63
53.77
26.6
25.47
27.5
14.39
8.42
7.73
9.8
15.6
8.15
5.07
9.11
9.01
7.43
4.42
8.92
4.84
14.15
12.43
7.14
5.01
7.6
7.73
8.79
25.34
6.61
11.86
7.31
5.21
12.0
11.28
7.04
14.17
8.13
61.14
5.99
10.63
45.23
33.77
8.1
15.04
7.45
19.86
6.61
6.22
7.51
5.47
9.01
4.63
5.57
24.73
33.6
8.58
8.93
10.08
5.9
5.31
5.97
6.56
48.95
7.06
47.8
14.21
27.24
26.78
33.42
12.62
51.68
29.71
26.33
7.25
8.04
6.25
7.56
7.95
6.88
5.23
4.82
4.81
7.36
6.4
7.18
6.5
5.91
16.42
6.38
7.45
8.07
6.77
8.7
7.01
7.45
7.39
11.0
9.23
39.07
5.4
28.23
8.6
4.61
69.63
7.02
5.91
4.49
6.91
6.33
34.2
6.49
7.56
8.4
8.04
7.39
6.17
8.06
6.82
34.69
30.03
9.26
5.37
7.5
5.29
7.44
6.36
6.98
5.83
14.35
6.77
11.9
6.93
6.87
14.24
7.4
7.0
14.24
7.56
15.08
9.78
9.02
14.81
33.3
5.29
19.3
5.9
25.92
10.14
39.07
4.57
6.54
9.41
8.01
7.1
20.71
5.57
8.28
20.71
17.79
22.21
5.03
7.16
35.41
6.92
10.83
59.89
7.34
13.92
6.66
